[?25l[0m [38;2;0;0;0m          [0m [38;2;29;29;29m▁[38;2;22;22;22m▂[38;2;29;29;29m▂▂[38;2;24;24;24m▂[38;2;29;29;29m▁[0m [38;2;0;0;0m           [0m
 [38;2;0;0;0m      [38;2;16;16;16m▁[38;2;95;33;33m▂[7m[38;2;158;36;36m▀[0m[38;2;195;38;38;48;2;17;17;17m▅[38;2;206;39;39;48;2;29;27;27m▆[38;2;29;29;29;48;2;212;39;39m▔[38;2;84;32;32;48;2;219;40;40m▔[38;2;183;37;37m▔▔[38;2;110;33;33m▔[38;2;29;29;29;48;2;214;40;40m▔[38;2;212;40;40;48;2;38;28;28m▆[38;2;203;39;39;48;2;19;19;19m▅[0m[7m[38;2;170;37;37m▀[38;2;71;28;28m▀[0m[38;2;21;21;21m▁       [0m
 [38;2;0;0;0m    [0m [7m[38;2;166;37;37m▀[0m[38;2;208;39;39;48;2;60;30;30m▆[38;2;219;40;40;48;2;217;40;40m╴[48;2;219;40;40m             [38;2;214;40;40;48;2;84;32;32m▆[0m[38;2;159;36;36m▅[38;2;43;23;23m▃[0m [38;2;0;0;0m    [0m
 [38;2;0;0;0m  [0m [38;2;144;35;35;48;2;25;16;16m▃[38;2;123;34;34;48;2;216;40;40m▘[48;2;219;40;40m                  [38;2;133;35;35;48;2;213;40;40m▔[38;2;27;17;17;48;2;154;36;36m▀[0m[38;2;18;18;18m▖   [0m
 [38;2;0;0;0m [38;2;18;18;18m▗[38;2;216;40;40;48;2;72;27;27m▗[38;2;219;40;40;48;2;217;40;40m╴[48;2;219;40;40m                     [38;2;30;23;23;48;2;170;37;37m▝[0m[38;2;29;25;25m▖  [0m
  [38;2;190;38;38;48;2;36;24;24m▗[38;2;219;40;40;48;2;215;40;40m╴[48;2;219;40;40m                       [38;2;19;19;19;48;2;114;33;33m▕[0m [38;2;13;13;13m [0m
 [7m[38;2;24;24;24m▋[0m[38;2;75;31;31;48;2;209;39;39m▎[48;2;219;40;40m          [38;2;109;34;34;48;2;214;40;40m▂[38;2;215;40;40;48;2;35;29;29m▀[38;2;214;40;40;48;2;30;29;29m▀[38;2;81;32;32;48;2;208;39;39m▂[48;2;219;40;40m          [38;2;120;34;34;48;2;214;40;40m▕[0m[38;2;33;27;27m▌ [0m
 [7m[38;2;29;29;29m▎[0m[38;2;130;34;34;48;2;29;29;29m▔[38;2;136;34;34m▔▔▔▔▔▔▔▔▔▔[38;2;80;80;80;48;2;32;29;29m▕[38;2;161;161;161;48;2;231;231;231m▎[38;2;239;239;239;48;2;227;227;227m╴[38;2;120;120;120;48;2;30;29;29m▎[38;2;136;34;34;48;2;29;29;29m▔▔▔▔▔▔▔▔▔▔▔[38;2;18;18;18;48;2;30;29;29m▕[0m[38;2;18;18;18m [0m
 [7m[38;2;25;25;25m▋[0m[38;2;89;89;89;48;2;229;229;229m▎[48;2;239;239;239m          [38;2;238;238;238;48;2;112;112;112m▅[38;2;239;239;239;48;2;64;64;64m▃▃[38;2;231;231;231;48;2;81;81;81m▅[48;2;239;239;239m          [38;2;239;239;239;48;2;221;221;221m╴[0m[38;2;36;36;36m▌ [0m
  [38;2;216;216;216;48;2;53;53;53m▝[48;2;239;239;239m                        [38;2;229;229;229;48;2;120;120;120m╴[0m [38;2;12;12;12m [0m
 [38;2;0;0;0m [38;2;20;20;20m▝[38;2;19;19;19;48;2;147;147;147m▁[38;2;239;239;239;48;2;238;238;238m╴[48;2;239;239;239m                     [38;2;65;65;65;48;2;168;168;168m╶[0m[38;2;35;35;35m▘  [0m
 [38;2;0;0;0m  [38;2;15;15;15m▝[7m[38;2;138;138;138m▃[0m[38;2;144;144;144;48;2;231;231;231m▁[48;2;239;239;239m                  [38;2;239;239;239;48;2;229;229;229m╴[0m[7m[38;2;150;150;150m▗[0m[38;2;21;21;21m▘   [0m
 [38;2;0;0;0m   [0m [7m[38;2;46;46;46m▅[38;2;175;175;175m▃[0m[38;2;106;106;106;48;2;235;235;235m▂[48;2;239;239;239m              [38;2;137;137;137;48;2;238;238;238m▂[0m[7m[38;2;168;168;168m▂[38;2;71;71;71m▅[0m [38;2;0;0;0m    [0m
 [38;2;0;0;0m      [7m[38;2;17;17;17m▆[38;2;114;114;114m▅[0m[38;2;203;203;203m▀[7m[38;2;175;175;175m▁[0m[38;2;66;66;66;48;2;239;239;239m▂[38;2;104;104;104m▁[38;2;214;214;214m▁  [38;2;220;220;220m▁[38;2;129;129;129m▁[38;2;83;83;83m▂[38;2;16;16;16;48;2;184;184;184m▁[0m[7m[38;2;180;180;180m▃[38;2;134;134;134m▅[38;2;25;25;25m▆[0m [38;2;0;0;0m      [0m
 [38;2;0;0;0m          [38;2;17;17;17m▔[7m[38;2;23;23;23m▆[38;2;30;30;30m▆[38;2;28;28;28m▅▅[38;2;31;31;31m▆[38;2;25;25;25m▆[0m[38;2;22;22;22m▔           [0m
[?25h