[?25l[0m[7m[38;2;0;0;0m [0m[38;2;0;0;0;48;2;0;0;0m                                       [0m
[7m[38;2;0;0;0m [0m[38;2;0;0;0;48;2;0;0;0m                                       [0m
[7m[38;2;0;0;0m [0m[38;2;0;0;0;48;2;0;0;0m                                       [0m
[7m[38;2;0;0;0m [0m[38;2;0;0;0;48;2;0;0;0m                                       [0m
[7m[38;2;0;0;0m [0m[38;2;0;0;0;48;2;0;0;0m                                       [0m
[7m[38;2;0;0;0m [0m[38;2;0;0;0;48;2;0;0;0m               [48;2;4;5;5m╴[38;2;128;165;176;48;2;4;5;6m▃[38;2;2;3;4;48;2;86;165;190m▀[38;2;97;158;176;48;2;4;6;7m▃[38;2;0;0;0;48;2;4;6;6m╵[48;2;0;0;0m      [38;2;133;121;102;48;2;8;6;4m▁[38;2;218;165;105;48;2;9;7;3m▂[38;2;98;81;55;48;2;6;4;2m▁[48;2;0;0;0m          [0m
[7m[38;2;0;0;0m [0m[38;2;0;0;0;48;2;0;0;0m       [38;2;85;108;90;48;2;5;7;5m▁[38;2;116;171;121;48;2;2;3;2m▃[38;2;119;196;132;48;2;1;4;2m▃[38;2;3;5;3;48;2;76;172;93m▀[38;2;69;180;88;48;2;27;38;31m▅[38;2;40;111;57;48;2;7;11;8m▖[48;2;0;0;0m  [38;2;26;32;36;48;2;109;178;197m▋[38;2;57;170;210;48;2;6;139;194m▔[38;2;31;37;43;48;2;79;161;195m╺[38;2;91;63;91;48;2;55;136;177m╸[38;2;181;233;243;48;2;32;83;105m╷[48;2;0;0;0m     [38;2;20;18;16;48;2;142;127;97m▊[38;2;209;170;103;48;2;231;116;26m▏[38;2;233;107;0;48;2;229;93;0m▕[38;2;201;139;68;48;2;132;114;86m▋[38;2;123;110;95;48;2;13;11;8m▏[48;2;0;0;0m         [0m
[7m[38;2;0;0;0m [0m[38;2;0;0;0;48;2;0;0;0m    [38;2;132;202;174;48;2;29;40;36m▗[38;2;129;201;171;48;2;19;26;23m▆[38;2;181;236;215;48;2;37;76;57m━[38;2;73;194;138;48;2;58;152;79m▅[38;2;120;205;162;48;2;38;170;88m━[38;2;96;200;115;48;2;36;171;77m▔[38;2;23;166;45;48;2;1;142;19m▔[38;2;7;167;27;48;2;1;123;21m┛[38;2;85;165;105;48;2;17;78;32m╻[38;2;0;0;0;48;2;0;1;0m╴[48;2;0;0;0m [38;2;84;162;183;48;2;19;28;30m▝[38;2;12;114;154;48;2;63;149;174m┗[38;2;78;213;237;48;2;10;107;150m▔[38;2;73;152;173;48;2;4;112;158m▁[38;2;111;172;192;48;2;51;100;119m┦[38;2;0;0;0;48;2;21;17;15m╵[48;2;0;0;0m    [38;2;13;11;7;48;2;150;132;95m▌[38;2;222;181;106;48;2;215;109;16m▏[38;2;166;81;90;48;2;223;109;11m▁[38;2;206;132;70;48;2;157;97;37m▎[38;2;201;158;112;48;2;21;16;11m▎[48;2;0;0;0m  [38;2;88;75;51;48;2;13;10;7m▁[38;2;167;93;35;48;2;7;3;1m▖[48;2;0;0;0m     [0m
[7m[38;2;0;0;0m [0m[38;2;0;0;0;48;2;0;0;0m   [38;2;109;125;120;48;2;13;17;16m▕[38;2;188;172;172;48;2;124;182;154m┒[38;2;37;189;119;48;2;89;193;149m▖[38;2;96;200;159;48;2;65;173;128m┱[38;2;184;175;172;48;2;77;200;150m▗[38;2;113;191;157;48;2;102;140;112m╺[38;2;57;172;122;48;2;20;145;85m┗[38;2;42;144;100;48;2;9;110;35m▖[38;2;0;91;16;48;2;3;104;22m╵[38;2;55;157;69;48;2;8;128;26m▕[38;2;61;136;71;48;2;9;17;12m▎[38;2;90;164;185;48;2;30;35;36m▅[38;2;72;170;197;48;2;148;204;192m▊[38;2;171;188;147;48;2;219;209;150m▔[38;2;205;198;160;48;2;186;178;130m┱[38;2;121;185;191;48;2;45;168;207m▍[38;2;133;154;163;48;2;23;134;180m▕[38;2;187;153;142;48;2;139;83;62m▏[38;2;0;0;0;48;2;2;1;1m╵[38;2;1;3;4;48;2;0;0;0m▁ [38;2;0;0;0;48;2;5;4;3m╴[38;2;188;135;76;48;2;6;5;2m▃[38;2;59;51;41;48;2;192;134;71m▘[38;2;239;223;168;48;2;193;121;86m▃[38;2;225;189;133;48;2;194;99;19m▖[38;2;223;121;32;48;2;49;37;20m▅[38;2;221;134;47;48;2;24;20;13m▃[38;2;103;74;48;48;2;7;6;2m▖[38;2;62;56;26;48;2;222;155;34m▍[38;2;82;51;5;48;2;207;158;38m▝[38;2;14;10;3;48;2;1;0;0m▏[48;2;0;0;0m    [0m
[7m[38;2;0;0;0m [0m[38;2;0;0;0;48;2;0;0;0m   [38;2;107;145;134;48;2;5;8;7m▝[38;2;78;95;90;48;2;116;181;155m▖[38;2;141;160;161;48;2;37;189;118m▃[38;2;166;154;170;48;2;23;184;111m▃[38;2;91;151;136;48;2;157;200;180m▅[38;2;65;165;132;48;2;139;60;60m▆[38;2;21;177;104;48;2;8;126;80m▂[38;2;42;162;115;48;2;13;126;76m╺[38;2;88;195;160;48;2;30;138;87m▁[38;2;92;166;134;48;2;15;87;32m▖[38;2;0;0;0;48;2;3;8;4m╶[38;2;10;27;33;48;2;0;0;0m▔[38;2;20;24;23;48;2;182;192;180m▊[38;2;209;204;162;48;2;213;185;105m▍[38;2;227;217;174;48;2;208;193;137m┃[38;2;194;178;123;48;2;48;125;147m▆[38;2;52;167;198;48;2;156;167;152m▃[38;2;144;173;182;48;2;119;82;69m▎[38;2;83;163;192;48;2;32;63;73m┏[38;2;65;133;157;48;2;0;110;164m▀[38;2;63;152;186;48;2;24;65;81m┑[38;2;0;0;0;48;2;1;1;1m╶[38;2;4;3;1;48;2;170;131;76m▆[38;2;66;49;24;48;2;227;219;199m▋[38;2;248;233;174;48;2;245;214;129m▎[38;2;235;213;164;48;2;242;209;124m▝[38;2;224;196;146;48;2;218;127;33m▏[38;2;139;112;81;48;2;60;37;15m▖[38;2;52;38;24;48;2;1;1;0m▔[38;2;45;41;19;48;2;194;179;100m▋[38;2;220;173;19;48;2;66;49;28m▘[38;2;0;0;0;48;2;1;0;0m╴[48;2;0;0;0m    [0m
[7m[38;2;0;0;0m [0m[38;2;0;0;0;48;2;0;0;0m    [38;2;4;6;5;48;2;86;112;104m▊[38;2;39;147;103;48;2;92;176;148m┏[38;2;37;145;107;48;2;108;161;154m▆[38;2;27;57;50;48;2;38;138;112m▂[38;2;92;183;147;48;2;34;126;92m▝[38;2;104;204;163;48;2;56;191;131m╴[38;2;119;191;167;48;2;69;165;125m╺[38;2;75;184;149;48;2;31;122;86m▕[38;2;148;186;173;48;2;16;76;56m┃[48;2;0;0;0m  [38;2;14;22;24;48;2;99;174;198m▍[38;2;30;131;168;48;2;143;185;162m▆[38;2;10;17;17;48;2;176;170;126m▃[38;2;6;8;8;48;2;154;179;162m▃[38;2;43;123;157;48;2;20;150;205m▂[38;2;15;98;126;48;2;20;141;186m▕[38;2;2;8;9;48;2;28;125;162m▂[38;2;1;4;4;48;2;27;110;146m▂[38;2;48;124;157;48;2;11;17;19m▘[48;2;0;0;0m [38;2;153;149;137;48;2;13;11;9m▕[38;2;198;107;33;48;2;187;165;127m▆[38;2;189;104;33;48;2;223;192;136m▖[38;2;208;168;98;48;2;211;188;142m┛[38;2;210;171;114;48;2;224;110;14m▎[38;2;133;78;27;48;2;199;102;24m▕[38;2;152;128;110;48;2;105;52;17m▂[38;2;149;105;69;48;2;46;41;37m▀[38;2;0;0;0;48;2;4;3;2m╴[48;2;0;0;0m     [0m
[7m[38;2;0;0;0m [0m[38;2;0;0;0;48;2;0;0;0m    [38;2;2;3;3m▕[38;2;8;10;10;48;2;78;135;116m▆[38;2;4;6;5;48;2;68;106;93m▆[38;2;0;0;0;48;2;4;6;5m╴[38;2;110;156;140;48;2;8;8;8m▀[38;2;8;12;11;48;2;80;155;124m▅[38;2;45;82;68;48;2;4;8;7m▔[38;2;1;2;1;48;2;51;120;97m▅[38;2;50;89;76;48;2;7;11;9m▔[48;2;0;0;0m  [38;2;61;103;111;48;2;5;8;8m▔[38;2;63;98;105;48;2;2;4;4m▔[48;2;0;0;0m  [38;2;4;7;7;48;2;71;125;139m▆[38;2;3;5;6;48;2;84;139;156m▆[38;2;0;0;0;48;2;2;3;3m╴[48;2;0;0;0m  [38;2;6;7;6m▕[38;2;155;147;134;48;2;24;24;23m▝[38;2;16;14;12;48;2;185;114;54m▅[38;2;95;53;16;48;2;4;2;1m▘[38;2;16;14;11;48;2;0;0;0m▔[38;2;134;98;61;48;2;7;5;3m▝[38;2;26;25;25;48;2;177;106;53m▃[38;2;133;121;110;48;2;30;25;21m╸[48;2;0;0;0m       [0m
[?25h